$SPEC_ID:
No sample description was entered.
$SPEC_REM:
DET# 1
DETDESC# NO15 Easy-MCA-2k SN 13221553
AP# Maestro Version 7.01
$DATE_MEA:
01/01/2002 01:05:43
$MEAS_TIM:
4610 4640
$DATA:
0 1023
       0
       0
       0
       0
       0
       0
       0
       0
       0
       0
       0
       0
       0
       9
      38
    7480
    8424
    9253
   11206
   16889
   28200
   45800
   64650
   75970
   73405
   61749
   48045
   36796
   28101
   22217
   17363
   14093
   12060
   10721
   10002
    9864
    9564
    9570
    9678
    9904
   10064
   10184
   10394
   10373
   10690
   10689
   10838
   11064
   11207
   11299
   11569
   11690
   11685
   11836
   11781
   11910
   11935
   11875
   11928
   11603
   11957
   11823
   11686
   11640
   11662
   11418
   11558
   11730
   11411
   11244
   11448
   11435
   11325
   11428
   11193
   11236
   11215
   11104
   11105
   11129
   11145
   11025
   11159
   10884
   11030
   11016
   10821
   10785
   10901
   10822
   10834
   10741
   10859
   10603
   10606
   10571
   10436
   10441
   10443
   10258
   10299
   10230
   10245
   10086
   10168
   10124
   10105
   10136
    9904
   10051
    9989
   10120
   10010
   10321
   10421
   10318
   10663
   10586
   10531
   10808
   11092
   11120
   11524
   11188
   11443
   11471
   11405
   11710
   11627
   11377
   11372
   11007
   11274
   11083
   10947
   10649
   10812
   10588
   10244
   10403
   10147
   10146
   10117
    9792
    9820
    9682
    9896
    9630
    9549
    9736
    9553
    9470
    9466
    9380
    9343
    9271
    9400
    9117
    8939
    8929
    8950
    8755
    8822
    8788
    8538
    8554
    8632
    8278
    8399
    8162
    8226
    8183
    8218
    8116
    8072
    8185
    7997
    7997
    7876
    7814
    8010
    7742
    7712
    7787
    7710
    7742
    7583
    7552
    7556
    7391
    7487
    7485
    7516
    7470
    7468
    7362
    7327
    7319
    7343
    7282
    7256
    7335
    7344
    7222
    7106
    7195
    7327
    7184
    7099
    7301
    7209
    7023
    7050
    7131
    7166
    7113
    7221
    7111
    7170
    7096
    7194
    6982
    7055
    7203
    7019
    7016
    6800
    7103
    6927
    6951
    6957
    6997
    7040
    7056
    6868
    6971
    6906
    6924
    6880
    6999
    6944
    6918
    6831
    7022
    7045
    7071
    6889
    6951
    6910
    6870
    7068
    6866
    6979
    7099
    7046
    7176
    7103
    7183
    7065
    7208
    6924
    7060
    7172
    7286
    7065
    7288
    7239
    7120
    7297
    7324
    7236
    7331
    7125
    7189
    7141
    7237
    7351
    7175
    7203
    7067
    7020
    6951
    6938
    6831
    6721
    6807
    6576
    6509
    6265
    6156
    6084
    6023
    5712
    5560
    5592
    5294
    5122
    4923
    4787
    4585
    4450
    4205
    4060
    3878
    3702
    3538
    3481
    3094
    3236
    3011
    2891
    2740
    2672
    2508
    2544
    2329
    2174
    2140
    2151
    2089
    1991
    1875
    1845
    1898
    1656
    1603
    1609
    1611
    1537
    1482
    1432
    1422
    1366
    1304
    1337
    1276
    1218
    1180
    1167
    1140
    1163
    1120
    1097
    1071
    1038
    1026
     972
     960
     953
     936
     985
     935
     975
     978
     930
     933
     956
     983
     953
    1062
    1004
     984
    1092
    1050
    1103
    1136
    1213
    1263
    1314
    1393
    1376
    1474
    1562
    1737
    1763
    2032
    2257
    2333
    2510
    2705
    3057
    3372
    3622
    4050
    4421
    4961
    5400
    5993
    6512
    7199
    7682
    8337
    9079
   10109
   11023
   12051
   12834
   14084
   14860
   16059
   17002
   18288
   19443
   20458
   21801
   22570
   23789
   24802
   25696
   26580
   27719
   28509
   28938
   29865
   29979
   30664
   30902
   30687
   31028
   31123
   30697
   30201
   29675
   28849
   28261
   27050
   26225
   25161
   24003
   22586
   21105
   20057
   18758
   17439
   16263
   14786
   13550
   12493
   11114
    9975
    8970
    7948
    7176
    6237
    5582
    4950
    4334
    3699
    3162
    2798
    2334
    1903
    1673
    1379
    1163
     938
     825
     716
     616
     495
     449
     407
     313
     293
     274
     229
     226
     212
     179
     190
     154
     158
     155
     144
     160
     142
     147
     142
     130
     136
     137
     149
     145
     140
     138
     143
     133
     132
     116
     135
     124
     130
     140
     134
     118
     154
     100
     137
     123
     123
     141
     149
     135
     145
     124
     142
     120
     106
     110
     135
     129
     110
     126
     102
     111
     114
     112
     120
     126
     134
     134
     120
     102
     120
     111
     127
     110
     115
     108
     114
      92
     100
     111
     124
     119
     110
     107
     126
     109
     118
     103
     104
     132
     110
     109
     111
      94
     122
      96
      92
     130
     105
     127
     110
     119
     102
     118
     108
     128
     107
      99
     109
     114
     115
     139
     108
     136
     110
     126
     111
     114
     110
     119
      92
     120
     108
     132
      99
     134
     120
     116
     101
     101
     100
     113
     100
     114
     102
     120
     104
     106
     110
      92
      85
      88
      98
      98
     100
      84
     105
     102
      88
     113
      95
     103
      95
      94
     100
      83
      88
      92
      92
      77
     113
      90
      97
      74
     104
      98
      71
      96
      82
      84
      95
      97
      79
      84
      75
      86
      86
      82
      71
      80
      78
      81
      80
      83
      91
      83
      79
      94
      62
      83
      72
      77
      63
      69
      82
      78
      75
      76
      92
      90
      69
      71
      82
      85
      96
      79
      65
      80
      79
      87
      70
      82
      86
      77
      70
      90
      85
      82
      68
      81
      66
      68
      93
      78
      96
      81
      79
      71
      83
      73
      66
      78
      58
      98
      75
      83
      93
      72
      73
      85
      79
      75
      91
      95
      81
      83
      76
      70
      70
      89
      87
      82
      85
      85
      73
      82
      72
      83
      71
      73
      65
      88
      81
      50
      72
      67
      71
      76
      53
      68
      75
      79
      73
      70
      62
      53
      65
      53
      77
      70
      64
      72
      70
      55
      73
      63
      51
      66
      63
      56
      57
      49
      56
      49
      58
      40
      45
      54
      47
      50
      50
      50
      48
      57
      33
      45
      54
      46
      45
      37
      65
      45
      55
      32
      42
      40
      33
      34
      46
      44
      48
      37
      35
      46
      31
      38
      38
      31
      39
      37
      36
      46
      36
      44
      43
      36
      44
      33
      41
      31
      41
      38
      38
      41
      30
      32
      43
      35
      32
      23
      35
      34
      37
      26
      44
      42
      33
      34
      35
      39
      28
      41
      36
      35
      30
      32
      42
      40
      49
      37
      44
      47
      35
      36
      34
      45
      44
      32
      48
      41
      36
      33
      44
      41
      35
      34
      40
      41
      43
      45
      49
      49
      42
      51
      50
      62
      68
      49
      56
      58
      52
      66
      67
      70
      53
      72
      69
      58
      65
      48
      66
      72
      57
      70
      83
      84
      96
      86
      87
     107
      73
      94
      82
      73
     103
      84
      80
      98
      85
      79
      89
      97
      88
      89
      81
      74
      82
      87
      84
      88
      84
      70
      79
      71
      78
      67
      69
      52
      61
      78
      49
      61
      57
      46
      54
      48
      57
      47
      35
      54
      34
      35
      39
      37
      38
      38
      34
      29
      27
      36
      20
      29
      23
      20
      19
      22
      17
      24
      20
      15
      20
      24
      22
       9
      17
      14
      12
      16
      16
      13
      15
      13
      14
      17
      10
      13
      11
       7
      16
      16
      19
      19
      15
      16
      16
      14
      13
      15
      13
      12
      10
      13
      16
      13
       5
      10
      13
       7
      17
      15
      13
       7
       8
       9
      14
       4
       9
      17
      15
      13
      10
       9
      13
      15
      13
       7
       7
      14
       7
       7
       9
      11
       9
      11
      14
       6
      12
      10
      12
      13
      10
       8
       8
      10
      13
       0
       0
       0
       0
       0
       0
       0
       0
       0
       0
       0
       0
       0
       0
       0
       0
$ROI:
1
372 465
$PRESETS:
None
0
0
$ENER_FIT:
0.000000 0.000000
$MCA_CAL:
3
0.000000E+000 0.000000E+000 0.000000E+000 
$SHAPE_CAL:
3
0.000000E+000 0.000000E+000 0.000000E+000
