$SPEC_ID:
No sample description was entered.
$SPEC_REM:
DET# 1
DETDESC# NO15 Easy-MCA-2k SN 13221553
AP# Maestro Version 7.01
$DATE_MEA:
01/01/2002 02:44:10
$MEAS_TIM:
142 252
$DATA:
0 1023
       0
       0
       0
       0
       0
       0
       0
       1
       4
      17
      46
     314
    1241
    2780
    8314
   26501
   27944
   28129
   28066
   28319
   28304
   28116
   28470
   28457
   28317
   28604
   28268
   28237
   28146
   28640
   28414
   28504
   28379
   28252
   28285
   28298
   28340
   28291
   28239
   28190
   28210
   28199
   28253
   27953
   28048
   27898
   28056
   28205
   27910
   27957
   28226
   28387
   28098
   28138
   28121
   27789
   27899
   27975
   27799
   28243
   27714
   27802
   27813
   27904
   28033
   27870
   27867
   27746
   27790
   27434
   27658
   28126
   27835
   27613
   27735
   27650
   27980
   27771
   27854
   28148
   27918
   28122
   28141
   27687
   27967
   28072
   27934
   28033
   28256
   28262
   28016
   28132
   28241
   28336
   28481
   28458
   28379
   28829
   28666
   28723
   29025
   28782
   29104
   29062
   29333
   29943
   30087
   30229
   30344
   30546
   31423
   31208
   31593
   31530
   32001
   32060
   32831
   32575
   32571
   32269
   32393
   32555
   32273
   31922
   31811
   31913
   31543
   31235
   31185
   31189
   31097
   31175
   30871
   30677
   30599
   31021
   30956
   30865
   31252
   31212
   30405
   30485
   30389
   30520
   30393
   30640
   30494
   30343
   30164
   30110
   30312
   29974
   30227
   30224
   30244
   29746
   29884
   29882
   30076
   29793
   29646
   29669
   29746
   29675
   29745
   29759
   29458
   29691
   29610
   29710
   29580
   29239
   29531
   29116
   29308
   29511
   29177
   29162
   29166
   28803
   28753
   28872
   28759
   28726
   28634
   28608
   28754
   28756
   28648
   28310
   28632
   28310
   28131
   28317
   28053
   27941
   27809
   27587
   27434
   27079
   26845
   27039
   26653
   26379
   26495
   25869
   25394
   25236
   24570
   24436
   24007
   23974
   23414
   22869
   22824
   22598
   21873
   21813
   21160
   20956
   20762
   20339
   20090
   20212
   19695
   19547
   19138
   19072
   18692
   18672
   18615
   18528
   18650
   18314
   18355
   18327
   18401
   18522
   18220
   18197
   18268
   18003
   18038
   18207
   18252
   18034
   18240
   18131
   18139
   18298
   18266
   18114
   18441
   18271
   18563
   18558
   18707
   18576
   18807
   18722
   18944
   19095
   19303
   19398
   19204
   19394
   19541
   19624
   19773
   20112
   20387
   20180
   20664
   20342
   20799
   21090
   21152
   21676
   21892
   21898
   22180
   22925
   23484
   23392
   23871
   24360
   24561
   25225
   26148
   26488
   27296
   28061
   28615
   29518
   30883
   31960
   33221
   34727
   35971
   37525
   39139
   40599
   42783
   44641
   46730
   48936
   51332
   52897
   55775
   58518
   61196
   63712
   65682
   68062
   71160
   73104
   75421
   77494
   79198
   80166
   82102
   83012
   84280
   84485
   84884
   85029
   84254
   83482
   82268
   80748
   78194
   76369
   73438
   71388
   68027
   64962
   62225
   58152
   54815
   51367
   47660
   44537
   41506
   38665
   35549
   32603
   30364
   27557
   25724
   23435
   21634
   20419
   18938
   17819
   16506
   15496
   14992
   14193
   13466
   12755
   12779
   12248
   11921
   11703
   11462
   11685
   11388
   11368
   11320
   11100
   11015
   10867
   11056
   10865
   10737
   10744
   10846
   10798
   10550
   10760
   10571
   10719
   10676
   10538
   10678
   10483
   10448
   10544
   10441
   10501
   10366
   10409
   10276
   10305
   10343
   10345
   10261
   10228
   10132
   10195
   10018
   10171
   10020
   10029
   10171
   10022
   10023
   10026
   10111
   10023
   10033
   10090
    9949
    9997
   10012
    9945
    9899
    9920
    9929
    9973
    9921
    9829
    9968
    9963
    9927
    9878
    9900
    9711
    9902
    9737
    9967
    9935
    9979
    9936
    9746
    9931
    9508
    9766
    9862
    9807
    9789
    9956
    9595
    9629
    9817
    9598
    9469
    9625
    9538
    9533
    9491
    9537
    9424
    9622
    9229
    9398
    9261
    9328
    9380
    9503
    9144
    9423
    9246
    9285
    9296
    9402
    9215
    9393
    9153
    9305
    9253
    9135
    9257
    9105
    9368
    9302
    9182
    9110
    9216
    9060
    9095
    9110
    8993
    9062
    9293
    9109
    8980
    8934
    8829
    9130
    9082
    8910
    9039
    8898
    8909
    8783
    8902
    8871
    8796
    8767
    8869
    8920
    8933
    8839
    8855
    8956
    8598
    8631
    8660
    8846
    8738
    8639
    8749
    8956
    8664
    8631
    8637
    8657
    8602
    8646
    8642
    8520
    8549
    8485
    8567
    8542
    8495
    8534
    8529
    8390
    8489
    8607
    8472
    8605
    8563
    8451
    8526
    8224
    8588
    8383
    8376
    8493
    8388
    8306
    8502
    8620
    8605
    8557
    8247
    8492
    8415
    8412
    8328
    8268
    8387
    8476
    8562
    8501
    8574
    8606
    8527
    8410
    8496
    8789
    8520
    8487
    8381
    8543
    8543
    8567
    8486
    8418
    8607
    8583
    8502
    8517
    8455
    8655
    8676
    8563
    8562
    8649
    8687
    8654
    8644
    8645
    8668
    8621
    8451
    8740
    8676
    8658
    8662
    8616
    8686
    8837
    8739
    8685
    8893
    8501
    8881
    8621
    8769
    8622
    8837
    8684
    8829
    8782
    8734
    8674
    8838
    8638
    8634
    8826
    8693
    8650
    8501
    8485
    8457
    8524
    8295
    8499
    8378
    8668
    8252
    8055
    8135
    7939
    8175
    8078
    7791
    7965
    7960
    7613
    7581
    7711
    7456
    7571
    7501
    7401
    7277
    7036
    6950
    7121
    6819
    6734
    6664
    6563
    6654
    6411
    6349
    6215
    6068
    6115
    5987
    5952
    5780
    5686
    5715
    5596
    5502
    5406
    5318
    5433
    5286
    5166
    5114
    4980
    5037
    4946
    5050
    5040
    4743
    4800
    4732
    4830
    4735
    4636
    4699
    4668
    4542
    4512
    4486
    4555
    4501
    4464
    4466
    4415
    4384
    4405
    4459
    4440
    4501
    4523
    4401
    4483
    4508
    4414
    4499
    4584
    4448
    4531
    4663
    4598
    4581
    4625
    4662
    4752
    4787
    4759
    4903
    4825
    4898
    4930
    4851
    4961
    5062
    5121
    5255
    5358
    5303
    5479
    5448
    5678
    5646
    5887
    5884
    5911
    6072
    6180
    6276
    6345
    6401
    6657
    6767
    6950
    6981
    7304
    7328
    7573
    7665
    7877
    7832
    8163
    8341
    8546
    8554
    8824
    9030
    9124
    9440
    9625
    9767
    9854
    9848
   10117
   10398
   10508
   10470
   10788
   10606
   11000
   10894
   11100
   11016
   11227
   11178
   11283
   11313
   11530
   11492
   11584
   11574
   11501
   11676
   11518
   11261
   11135
   11141
   10883
   10717
   10733
   10505
   10292
   10150
    9812
    9762
    9477
    9418
    9178
    8758
    8754
    8228
    8005
    7852
    7606
    7351
    6885
    6894
    6405
    6527
    6125
    5952
    5701
    5458
    5270
    4940
    4717
    4564
    4471
    4424
    4197
    4189
    3912
    3792
    3696
    3525
    3485
    3523
    3287
    3311
    3228
    3144
    2949
    2872
    2845
    2801
    2904
    2840
    2745
    2764
    2739
    2696
    2709
    2737
    2576
    2553
    2579
    2545
    2472
    2474
    2469
    2565
    2449
    2442
    2432
    2400
    2405
    2476
    2480
    2380
    2424
    2307
    2479
    2377
    2368
    2360
    2303
    2339
    2413
    2277
    2228
    2388
    2335
    2294
    2306
    2250
    2286
    2259
    2231
    2280
    2324
    2224
    2294
    2256
    2240
    2269
    2212
    2134
    2214
    2205
    2190
    2218
    2127
    2226
    2210
    2157
    2240
    2060
    2086
    2128
    2105
    2109
    2028
    2131
    2076
    2028
    2059
    2021
    2067
    2042
    2034
    2062
    2045
    1976
    1973
    1962
    2022
    1991
    1942
    1886
    1939
    1920
    1876
    1847
    1879
    1887
    1883
    1892
    1940
    1839
    1834
    1775
    1839
    1819
    1778
    1871
    1766
    1801
    1698
    1716
    1739
    1683
    1653
    1690
    1684
    1659
    1674
    1610
    1613
    1678
    1569
    1592
    1622
    1568
    1554
    1598
    1498
    1465
    1586
    1606
    1479
    1425
    1450
    1442
    1408
    1431
    1383
    1432
    1356
    1376
    1360
    1336
    1301
    1382
    1357
    1314
    1311
    1336
    1253
    1337
    1338
    1287
    1323
    1227
    1257
    1204
    1213
    1183
    1221
    1215
    1183
    1223
    1189
    1159
    1201
    1115
    1112
    1121
    1135
    1200
    1141
    1170
    1161
    1113
    1110
    1125
    1090
    1124
    1061
    1123
    1074
    1075
    1105
    1051
    1120
    1105
     927
       0
       0
       0
       0
       0
       0
       0
       0
       0
       0
       0
       0
       0
       0
       0
       0
$ROI:
0
$PRESETS:
None
0
0
$ENER_FIT:
0.000000 1.646589
$MCA_CAL:
3
0.000000E+000 1.646589E+000 0.000000E+000 keV
$SHAPE_CAL:
3
4.318694E+001 0.000000E+000 0.000000E+000
