$SPEC_ID:
No sample description was entered.
$SPEC_REM:
DET# 1
DETDESC# NO15 Easy-MCA-2k SN 13221553
AP# Maestro Version 7.01
$DATE_MEA:
01/01/2002 02:25:36
$MEAS_TIM:
382 403
$DATA:
0 1023
       0
       0
       0
       0
       0
       0
       0
       0
       0
       0
       1
       6
      22
      60
     111
    3060
    3323
    3369
    3502
    3585
    3547
    3601
    3695
    3631
    3681
    3674
    3453
    3580
    3498
    3515
    3513
    3479
    3496
    3586
    3676
    3544
    3566
    3658
    3603
    3513
    3607
    3661
    3712
    3816
    3678
    3613
    3703
    3770
    3800
    3725
    3845
    3819
    3817
    3907
    3850
    3876
    3811
    3953
    3784
    3882
    3927
    3860
    3857
    3767
    3803
    3904
    3914
    3793
    3697
    3822
    3809
    3732
    3776
    4030
    3785
    3819
    3787
    3787
    3822
    3751
    3772
    3794
    3749
    3824
    3803
    3665
    3783
    3712
    3827
    3779
    3745
    3698
    3801
    3906
    3855
    3775
    3956
    3781
    3820
    3821
    3788
    3737
    3921
    3785
    3709
    3755
    3662
    3647
    3777
    3771
    3719
    3770
    3601
    3797
    3758
    3777
    3810
    3709
    3870
    3797
    3782
    3830
    3791
    3817
    3867
    3870
    4027
    4081
    3972
    4161
    4189
    4230
    4395
    4287
    4425
    4584
    4569
    4643
    4818
    4996
    5026
    5193
    5124
    4975
    5049
    5144
    5138
    5084
    5020
    4974
    4988
    4938
    4977
    4787
    4712
    4682
    4705
    4576
    4452
    4532
    4368
    4332
    4244
    4260
    4150
    4291
    4026
    4177
    4183
    4084
    4039
    4150
    3982
    3974
    3981
    3972
    3840
    3805
    3865
    3917
    3865
    3769
    3788
    3780
    3772
    3735
    3676
    3780
    3627
    3648
    3750
    3716
    3721
    3635
    3730
    3592
    3737
    3749
    3624
    3566
    3623
    3676
    3561
    3576
    3642
    3531
    3486
    3382
    3518
    3418
    3455
    3311
    3447
    3402
    3402
    3319
    3353
    3374
    3231
    3326
    3311
    3366
    3305
    3285
    3291
    3277
    3267
    3288
    3262
    3263
    3190
    3382
    3221
    3285
    3151
    3227
    3166
    3297
    3164
    3133
    3250
    3248
    3053
    3183
    3189
    3130
    3038
    3069
    3167
    3108
    3119
    3104
    3028
    3053
    3088
    3087
    3125
    3090
    3089
    3043
    3096
    3059
    3100
    3042
    3112
    3069
    3158
    3105
    3109
    3018
    3074
    3047
    2975
    3091
    3057
    3041
    3032
    3114
    3069
    2996
    3024
    3049
    3070
    3024
    2884
    3055
    3002
    2994
    3032
    3028
    3032
    2987
    2911
    2924
    2902
    2908
    2992
    2975
    3018
    2912
    2947
    3081
    3134
    2990
    3103
    2859
    2928
    3115
    2977
    3025
    2927
    2968
    2927
    2937
    2954
    2911
    3016
    3059
    2984
    2967
    3006
    2982
    3006
    2928
    3039
    3039
    3013
    3012
    2798
    2974
    3023
    2928
    2954
    3022
    2995
    2979
    2914
    3049
    2899
    2976
    3041
    2992
    2923
    3010
    3001
    2943
    2999
    2929
    2930
    3024
    2907
    2999
    2956
    2884
    2905
    2939
    2833
    3038
    2889
    2951
    3074
    3037
    2966
    3070
    3007
    2966
    2927
    2960
    2920
    2909
    3074
    2945
    2882
    2975
    2979
    3001
    2957
    2910
    2957
    2943
    3049
    2978
    3013
    2916
    2980
    3015
    3036
    3042
    3114
    3033
    2983
    3037
    3054
    3101
    3077
    3060
    3046
    3085
    3106
    3148
    3086
    3062
    3197
    3103
    3045
    3144
    3125
    3114
    3122
    3183
    3136
    3124
    3116
    3162
    3295
    3182
    3169
    3173
    3211
    3245
    3121
    3217
    3192
    3160
    3127
    3154
    3172
    3246
    3146
    3254
    3058
    3281
    3234
    3202
    3194
    3198
    3156
    3045
    3082
    3197
    3231
    3184
    3198
    3174
    3064
    3301
    3189
    3274
    3253
    3057
    3201
    3125
    3214
    3181
    3129
    3172
    3157
    3201
    3288
    3382
    3289
    3252
    3274
    3325
    3379
    3351
    3323
    3363
    3267
    3222
    3293
    3303
    3311
    3355
    3380
    3403
    3189
    3349
    3369
    3288
    3344
    3393
    3408
    3428
    3399
    3371
    3337
    3387
    3469
    3401
    3471
    3469
    3461
    3370
    3632
    3569
    3444
    3508
    3517
    3541
    3506
    3505
    3586
    3503
    3613
    3572
    3669
    3716
    3672
    3692
    3666
    3705
    3637
    3795
    3705
    3754
    3748
    3801
    3751
    3683
    3782
    3850
    3844
    3804
    3810
    3868
    3831
    3904
    3924
    3844
    3910
    3949
    3994
    3905
    3845
    3864
    3890
    3805
    3914
    3877
    4040
    3880
    4005
    3892
    3909
    4000
    3990
    4032
    3933
    3912
    3989
    3809
    3943
    4032
    3942
    3952
    3916
    3874
    3825
    3891
    3843
    3878
    3844
    3864
    3790
    3865
    3601
    3663
    3636
    3661
    3665
    3707
    3682
    3609
    3537
    3475
    3649
    3532
    3418
    3480
    3417
    3441
    3368
    3280
    3372
    3282
    3199
    3243
    3128
    3129
    2997
    3048
    3060
    3023
    2930
    2989
    2965
    2945
    2915
    2933
    2844
    2820
    2901
    2743
    2818
    2736
    2727
    2722
    2743
    2581
    2600
    2654
    2670
    2593
    2597
    2764
    2549
    2671
    2573
    2607
    2533
    2549
    2565
    2498
    2460
    2526
    2540
    2536
    2584
    2529
    2507
    2429
    2447
    2470
    2493
    2420
    2460
    2406
    2402
    2417
    2469
    2442
    2426
    2425
    2423
    2347
    2430
    2273
    2331
    2361
    2400
    2281
    2339
    2255
    2353
    2330
    2304
    2264
    2343
    2403
    2283
    2340
    2389
    2374
    2349
    2424
    2375
    2542
    2393
    2449
    2556
    2519
    2537
    2625
    2603
    2716
    2750
    2747
    2861
    2954
    3036
    3192
    3281
    3356
    3383
    3482
    3534
    3584
    3838
    3898
    4096
    4076
    4171
    4385
    4447
    4593
    4774
    4871
    4948
    5032
    5127
    5213
    5271
    5472
    5444
    5567
    5704
    5741
    5949
    6004
    5952
    6037
    6017
    6034
    6072
    5969
    6016
    5932
    5970
    5850
    5746
    5588
    5545
    5604
    5445
    5262
    5300
    5060
    4932
    4735
    4557
    4304
    4201
    4166
    3967
    3695
    3573
    3516
    3227
    3209
    2857
    2809
    2665
    2484
    2425
    2353
    2113
    2079
    1909
    1910
    1784
    1744
    1725
    1600
    1550
    1529
    1528
    1530
    1464
    1520
    1540
    1570
    1582
    1603
    1688
    1688
    1727
    1687
    1805
    1790
    1942
    2008
    2052
    2192
    2235
    2429
    2512
    2433
    2582
    2745
    2725
    2888
    3030
    3130
    3208
    3261
    3298
    3428
    3548
    3564
    3686
    3781
    3968
    3974
    4093
    4190
    4258
    4129
    4271
    4301
    4452
    4345
    4574
    4466
    4572
    4559
    4575
    4538
    4391
    4389
    4437
    4270
    4274
    4220
    4143
    4079
    3956
    3839
    3668
    3702
    3624
    3501
    3494
    3289
    3162
    3072
    2963
    2741
    2656
    2500
    2328
    2202
    2064
    1994
    1866
    1768
    1635
    1572
    1469
    1346
    1222
    1191
    1102
    1008
     895
     846
     802
     724
     683
     628
     554
     517
     462
     448
     426
     399
     358
     331
     309
     294
     295
     235
     292
     249
     225
     228
     211
     210
     195
     187
     187
     216
     145
     181
     168
     179
     138
     175
     164
     169
     174
     171
     155
     163
     167
     129
     161
     141
     167
     155
     155
     144
     147
     130
     144
     139
     148
     155
     160
     156
     153
     154
     143
     133
     152
     143
     142
     153
     126
     134
     158
     150
     163
     137
     151
     132
     142
     135
     129
     146
     155
     143
     139
     158
     142
     138
     139
     151
     134
     136
     135
     131
     130
     127
     135
     156
     133
     135
     154
     132
     123
     138
     121
     127
     138
     131
     131
     141
     127
     130
     128
     119
     125
     125
     134
     122
     112
     131
     159
     119
     117
     114
     124
     125
     132
     112
     124
     112
     135
     101
     126
     155
     108
     125
     128
     137
     106
     107
     118
     117
     132
     118
     105
     124
     130
     115
     111
     106
     115
     101
     108
     131
     107
     113
     119
     116
     110
      93
     120
     110
     116
     137
      90
     109
     121
     116
     121
     102
       0
       0
       0
       0
       0
       0
       0
       0
       0
       0
       0
       0
       0
       0
       0
       0
$ROI:
0
$PRESETS:
None
0
0
$ENER_FIT:
0.000000 0.000000
$MCA_CAL:
3
0.000000E+000 0.000000E+000 0.000000E+000 
$SHAPE_CAL:
3
0.000000E+000 0.000000E+000 0.000000E+000
